%YAML:1.0
aruco_bc_nmarkers: 1
aruco_bc_mInfoType: 1 # 0 is pxls, 1 is mtrs
aruco_bc_markers:
   - { id:691, corners:[ [ -2.05, -0.7500, 0. ], [-1.3500, -0.7500, 0. ], [-1.3500, -0.0500, 0. ], [-2.0500, -0.0500, 0.] ] }
# see boardconfCalc.numbers
-2,05	-0,7500	-1,3500	-0,7500	-1,3500	-0,0500	-2,0500	-0,0500